# Avida count data
# Tue Aug 30 14:59:28 2005
#  1: update
#  2: number of insts executed this update
#  3: number of organisms
#  4: number of different genotypes
#  5: number of different threshold genotypes
#  6: number of different species
#  7: number of different threshold species
#  8: number of different lineages
#  9: number of births in this update
# 10: number of deaths in this update
# 11: number of breed true
# 12: number of breed true organisms?
# 13: number of no-birth organisms
# 14: number of single-threaded organisms
# 15: number of multi-threaded organisms
# 16: number of modified organisms

0 60 2 2 2 0 0 0 2 0 2 2 2 2 0 0 
1 60 2 2 2 0 0 0 0 0 0 2 2 2 0 0 
2 60 2 2 2 0 0 0 0 0 0 2 2 2 0 0 
3 60 2 2 2 0 0 0 0 0 0 2 2 2 0 0 
4 60 2 2 2 0 0 0 0 0 0 2 2 2 0 0 
5 60 2 2 2 0 0 0 0 0 0 2 2 2 0 0 
6 60 3 3 3 0 0 0 1 0 0 2 2 3 0 0 
7 90 3 3 3 0 0 0 0 0 0 2 2 3 0 0 
8 90 3 3 3 0 0 0 0 0 0 2 2 3 0 0 
9 90 3 3 3 0 0 0 0 0 0 2 2 3 0 0 
10 90 3 3 3 0 0 0 0 0 0 2 2 3 0 0 
11 90 3 3 3 0 0 0 0 0 0 2 2 3 0 0 
12 90 3 3 3 0 0 0 0 0 0 2 2 3 0 0 
13 90 3 3 3 0 0 0 0 0 0 2 2 3 0 0 
14 90 3 3 3 0 0 0 0 0 0 2 2 3 0 0 
15 90 4 4 4 0 0 0 1 0 0 2 3 4 0 0 
16 120 4 4 4 0 0 0 0 0 0 2 3 4 0 0 
17 120 4 4 4 0 0 0 0 0 0 2 3 4 0 0 
18 120 4 4 4 0 0 0 0 0 0 2 3 4 0 0 
19 120 4 4 4 0 0 0 0 0 0 2 3 4 0 0 
20 120 4 4 4 0 0 0 0 0 0 2 3 4 0 0 
21 120 4 4 4 0 0 0 0 0 0 2 3 4 0 0 
22 120 4 4 4 0 0 0 0 0 0 2 3 4 0 0 
23 120 4 4 4 0 0 0 0 0 0 2 3 4 0 0 
24 120 4 4 4 0 0 0 0 0 0 2 3 4 0 0 
25 120 5 4 4 0 0 0 1 0 1 3 4 5 0 0 
26 150 5 4 4 0 0 0 0 0 0 3 4 5 0 0 
27 150 5 4 4 0 0 0 0 0 0 3 4 5 0 0 
28 150 5 4 4 0 0 0 0 0 0 3 4 5 0 0 
29 150 5 4 4 0 0 0 0 0 0 3 4 5 0 0 
30 150 5 4 4 0 0 0 0 0 0 3 4 5 0 0 
31 150 5 4 4 0 0 0 0 0 0 3 4 5 0 0 
32 150 5 4 4 0 0 0 0 0 0 3 4 5 0 0 
33 150 5 4 4 0 0 0 0 0 0 3 4 5 0 0 
34 150 5 4 4 0 0 0 0 0 0 3 4 5 0 0 
35 150 7 4 4 0 0 0 2 0 2 5 5 7 0 0 
36 210 7 4 4 0 0 0 0 0 0 5 5 7 0 0 
37 210 7 4 4 0 0 0 0 0 0 5 5 7 0 0 
38 210 7 4 4 0 0 0 0 0 0 5 5 7 0 0 
39 210 7 4 4 0 0 0 0 0 0 5 5 7 0 0 
40 210 7 4 4 0 0 0 0 0 0 5 5 7 0 0 
41 210 7 4 4 0 0 0 0 0 0 5 5 7 0 0 
42 210 7 4 4 0 0 0 0 0 0 5 5 7 0 0 
43 210 7 4 4 0 0 0 0 0 0 5 5 7 0 0 
44 210 7 4 4 0 0 0 0 0 0 5 5 7 0 0 
45 210 7 4 4 0 0 0 0 0 0 5 5 7 0 0 
46 210 11 6 6 0 0 0 4 0 2 7 7 11 0 0 
47 330 11 6 6 0 0 0 0 0 0 7 7 11 0 0 
48 330 11 6 6 0 0 0 0 0 0 7 7 11 0 0 
49 330 11 6 6 0 0 0 0 0 0 7 7 11 0 0 
50 330 11 6 6 0 0 0 0 0 0 7 7 11 0 0 
51 330 11 6 6 0 0 0 0 0 0 7 7 11 0 0 
52 330 11 6 6 0 0 0 0 0 0 7 7 11 0 0 
53 330 11 6 6 0 0 0 0 0 0 7 7 11 0 0 
54 330 11 6 6 0 0 0 0 0 0 7 7 11 0 0 
55 330 11 6 6 0 0 0 0 0 0 7 7 11 0 0 
56 330 11 6 6 0 0 0 0 0 0 7 7 11 0 0 
57 330 11 6 6 0 0 0 0 0 0 7 7 11 0 0 
58 330 19 12 12 0 0 0 8 0 2 9 11 19 0 0 
59 570 19 12 12 0 0 0 0 0 0 9 11 19 0 0 
60 570 19 12 12 0 0 0 0 0 0 9 11 19 0 0 
61 570 19 12 12 0 0 0 0 0 0 9 11 19 0 0 
62 570 19 12 12 0 0 0 0 0 0 9 11 19 0 0 
63 570 19 12 12 0 0 0 0 0 0 9 11 19 0 0 
64 570 19 12 12 0 0 0 0 0 0 9 11 19 0 0 
65 570 19 12 12 0 0 0 0 0 0 9 11 19 0 0 
66 570 19 12 12 0 0 0 0 0 0 9 11 19 0 0 
67 570 19 12 12 0 0 0 0 0 0 9 11 19 0 0 
68 570 19 12 12 0 0 0 0 0 0 9 11 19 0 0 
69 570 19 12 12 0 0 0 0 0 0 9 11 19 0 0 
70 570 26 16 16 0 0 0 8 1 4 12 15 26 0 0 
71 780 27 17 17 0 0 0 2 1 1 12 17 27 0 0 
72 810 27 17 17 0 0 0 0 0 0 12 17 27 0 0 
73 810 27 17 17 0 0 0 0 0 0 12 17 27 0 0 
74 810 27 17 17 0 0 0 0 0 0 12 17 27 0 0 
75 810 27 17 17 0 0 0 0 0 0 12 17 27 0 0 
76 810 27 17 17 0 0 0 0 0 0 12 17 27 0 0 
77 810 27 17 17 0 0 0 0 0 0 12 17 27 0 0 
78 810 27 17 17 0 0 0 0 0 0 12 17 27 0 0 
79 810 27 17 17 0 0 0 0 0 0 12 17 27 0 0 
80 810 27 17 17 0 0 0 0 0 0 12 17 27 0 0 
81 810 27 17 17 0 0 0 0 0 0 12 17 27 0 0 
82 810 28 18 18 0 0 0 1 0 0 12 17 28 0 0 
83 840 40 26 26 0 0 0 17 5 6 17 23 40 0 0 
84 1200 40 26 26 0 0 0 0 0 0 17 23 40 0 0 
85 1200 40 26 26 0 0 0 0 0 0 17 23 40 0 0 
86 1200 40 26 26 0 0 0 0 0 0 17 23 40 0 0 
87 1200 40 26 26 0 0 0 0 0 0 17 23 40 0 0 
88 1200 40 26 26 0 0 0 0 0 0 17 23 40 0 0 
89 1200 40 26 26 0 0 0 0 0 0 17 23 40 0 0 
90 1200 40 26 26 0 0 0 0 0 0 17 23 40 0 0 
91 1200 40 26 26 0 0 0 0 0 0 17 23 40 0 0 
92 1200 40 26 26 0 0 0 0 0 0 17 23 40 0 0 
93 1200 40 26 26 0 0 0 0 0 0 17 23 40 0 0 
94 1200 40 26 26 0 0 0 0 0 0 17 23 40 0 0 
95 1200 46 30 30 0 0 0 7 1 2 19 25 46 0 0 
96 1380 59 42 43 0 0 0 23 10 7 22 34 59 0 0 
97 1770 59 42 43 0 0 0 0 0 0 22 34 59 0 0 
98 1770 59 42 43 0 0 0 0 0 0 22 34 59 0 0 
99 1770 59 42 43 0 0 0 0 0 0 22 34 59 0 0 
100 1770 59 42 43 0 0 0 0 0 0 22 34 59 0 0 
101 1770 59 42 43 0 0 0 0 0 0 22 34 59 0 0 
102 1770 59 42 43 0 0 0 0 0 0 22 34 59 0 0 
103 1770 59 42 43 0 0 0 0 0 0 22 34 59 0 0 
104 1770 59 42 43 0 0 0 0 0 0 22 34 59 0 0 
105 1770 59 42 43 0 0 0 0 0 0 22 34 59 0 0 
106 1770 59 42 43 0 0 0 0 0 0 22 34 59 0 0 
107 1770 59 42 43 0 0 0 0 0 0 22 34 59 0 0 
108 1770 80 55 59 0 0 0 31 10 10 31 43 80 0 0 
109 2400 85 60 65 0 0 0 15 10 6 32 48 85 0 0 
110 2550 85 60 65 0 0 0 0 0 0 32 48 85 0 0 
111 2550 85 60 65 0 0 0 0 0 0 32 48 85 0 0 
112 2550 85 60 65 0 0 0 0 0 0 32 48 85 0 0 
113 2550 85 60 65 0 0 0 0 0 0 32 48 85 0 0 
114 2550 85 60 65 0 0 0 0 0 0 32 48 85 0 0 
115 2550 87 62 67 0 0 0 2 0 0 32 49 87 0 0 
116 2610 87 62 67 0 0 0 0 0 0 32 49 87 0 0 
117 2610 87 62 67 0 0 0 0 0 0 32 49 87 0 0 
118 2610 87 62 67 0 0 0 0 0 0 32 49 87 0 0 
119 2610 87 62 67 0 0 0 0 0 0 32 49 87 0 0 
120 2610 87 62 67 0 0 0 0 0 0 32 49 87 0 0 
121 2610 98 74 78 0 0 0 19 8 4 31 56 98 0 0 
122 2940 115 85 96 0 0 0 41 24 17 42 68 115 0 0 
123 3450 115 85 96 0 0 0 0 0 0 42 68 115 0 0 
124 3450 115 85 96 0 0 0 0 0 0 42 68 115 0 0 
125 3450 115 85 96 0 0 0 0 0 0 42 68 115 0 0 
126 3450 115 85 96 0 0 0 0 0 0 42 68 115 0 0 
127 3450 115 85 96 0 0 0 0 0 0 42 68 115 0 0 
128 3450 119 88 99 0 0 0 8 4 4 45 71 119 0 0 
129 3570 119 88 99 0 0 0 0 0 0 45 71 119 0 0 
130 3570 119 88 99 0 0 0 0 0 0 45 71 119 0 0 
131 3570 119 88 99 0 0 0 0 0 0 45 71 119 0 0 
132 3570 119 88 99 0 0 0 0 0 0 45 71 119 0 0 
133 3570 119 88 99 0 0 0 0 0 0 45 71 119 0 0 
134 3570 119 88 99 0 0 0 0 0 0 45 71 119 0 0 
135 3570 127 99 110 0 0 0 15 7 1 42 73 127 0 0 
136 3810 147 107 122 0 0 0 62 42 28 56 84 147 0 0 
137 4410 150 108 123 0 0 0 4 1 3 58 86 150 0 0 
138 4500 150 108 123 0 0 0 0 0 0 58 86 150 0 0 
139 4500 150 108 123 0 0 0 0 0 0 58 86 150 0 0 
140 4500 150 108 123 0 0 0 0 0 0 58 86 150 0 0 
141 4500 150 108 123 0 0 0 0 0 0 58 86 150 0 0 
142 4500 150 108 123 0 0 0 0 0 0 58 86 150 0 0 
143 4500 156 112 127 0 0 0 15 9 8 61 91 156 0 0 
144 4680 156 112 127 0 0 0 0 0 0 61 91 156 0 0 
145 4680 156 112 127 0 0 0 0 0 0 61 91 156 0 0 
146 4680 156 112 127 0 0 0 0 0 0 61 91 156 0 0 
147 4680 156 112 127 0 0 0 0 0 0 61 91 156 0 0 
148 4680 156 112 127 0 0 0 0 0 0 61 91 156 0 0 
149 4680 160 114 130 0 0 0 8 4 4 63 95 160 0 0 
150 4800 182 133 154 0 0 0 51 29 16 67 113 182 0 0 
151 5460 187 142 167 0 0 0 39 34 14 71 116 187 0 0 
152 5610 187 142 167 0 0 0 0 0 0 71 116 187 0 0 
153 5610 189 144 169 0 0 0 4 2 1 71 116 189 0 0 
154 5670 189 144 169 0 0 0 0 0 0 71 116 189 0 0 
155 5670 189 144 169 0 0 0 0 0 0 71 116 189 0 0 
156 5670 189 144 169 0 0 0 0 0 0 71 116 189 0 0 
157 5670 189 144 169 0 0 0 0 0 0 71 116 189 0 0 
158 5670 200 157 183 0 0 0 23 12 4 72 123 200 0 0 
159 6000 200 157 183 0 0 0 0 0 0 72 123 200 0 0 
160 6000 200 157 183 0 0 0 0 0 0 72 123 200 0 0 
161 6000 200 157 183 0 0 0 0 0 0 72 123 200 0 0 
162 6000 200 157 183 0 0 0 1 1 0 72 122 200 0 0 
163 6000 200 157 183 0 0 0 0 0 0 72 122 200 0 0 
164 6000 204 161 189 0 0 0 9 5 2 72 123 204 0 0 
165 6120 226 179 213 0 0 0 52 30 16 77 133 226 0 0 
166 6780 232 184 222 0 0 0 52 46 18 79 138 232 0 0 
167 6960 235 185 223 0 0 0 3 0 2 81 139 235 0 0 
168 7050 235 185 223 0 0 0 0 0 0 81 139 235 0 0 
169 7050 236 185 225 0 0 0 3 2 1 81 139 236 0 0 
170 7080 238 186 226 0 0 0 2 0 1 82 140 238 0 0 
171 7140 238 186 226 0 0 0 0 0 0 82 140 238 0 0 
172 7140 238 186 226 0 0 0 0 0 0 82 140 238 0 0 
173 7140 248 189 231 0 0 0 24 14 10 90 149 248 0 0 
174 7440 251 194 238 0 0 0 13 10 3 89 150 251 0 0 
175 7530 251 194 235 0 0 0 1 1 0 89 149 251 0 0 
